6.869400294464780583e-04
6.828530685623029461e-04
6.789835809299373751e-04
6.753156144583692851e-04
6.713219913288322876e-04
6.675577557698928952e-04
6.635419096209631013e-04
6.597395217554035372e-04
6.556581251638913393e-04
6.517997473397424977e-04
6.477004707745295711e-04
6.438074985181700335e-04
6.398488066351632223e-04
6.358435124502345671e-04
6.317822410957662930e-04
6.278185374490483040e-04
6.237264803764869725e-04
6.196677103937604878e-04
6.156029544415879710e-04
6.115817895380627886e-04
