-2.042299348835837906e-07
-4.533423251035646786e-07
-8.419560417326666004e-07
-1.364648894911814602e-06
-2.004556109080519129e-06
-2.735027820913017853e-06
-3.535293893327034796e-06
-4.374515896665488655e-06
-5.258734123980258049e-06
-6.169708369782289727e-06
-7.093268278380038949e-06
-8.053780303349950066e-06
-8.976218375312121456e-06
-9.944379086944362723e-06
-1.089576817536993423e-05
-1.183065421390266936e-05
-1.279845439456066286e-05
-1.373947919072546892e-05
-1.474137675695710231e-05
-1.562495204427725380e-05
