-5.243663071599899075e-05
-1.161437359471109807e-04
-1.859490680096856699e-04
-2.590735750414963176e-04
-3.340598065326211741e-04
-4.103779283381576667e-04
-4.875551362314804456e-04
-5.655551992854769301e-04
-6.442855549716271137e-04
-7.234095423828808486e-04
-8.022839836856288185e-04
-8.822995082485595754e-04
-9.624179167244069138e-04
-1.042114120602101240e-03
-1.123443543305616436e-03
-1.203130887569318561e-03
-1.284414514982322626e-03
-1.365714906514269109e-03
-1.446695596050441004e-03
-1.526675071405667094e-03
-1.608411662556514989e-03
-1.690072498376499937e-03
-1.770409551007348170e-03
-1.852191366186531829e-03
-1.935185403458812006e-03
-2.015366482784564268e-03
-2.097152078856538617e-03
-2.178509598279590280e-03
-2.260047594695143661e-03
-2.342236042119279129e-03
